% -------------------------------------------------------------------
%  Generated by MATLAB on 14-Sep-2023 22:36:19
%  MATLAB version: 9.13.0.2166757 (R2022b) Update 4
% -------------------------------------------------------------------
                                                    

X = complex([4 1 -2 1],[0 -1 0 1]);

Y = complex([6 1 0 1],[0 -1 0 1]);

ans = [6 7 6 5];

h = [2 2 1 1];

x = [1 2 0 1];

z = complex([24 0 -0 0],[0 -2 0 2]);

